data/geo/bisagno.dem.txt
ncols        25
nrows        13
xllcorner    8.911000000000
yllcorner    44.381000000000
cellsize     0.009000000000
NODATA_value  -9999.00
 -9999.00 -9999.00 -9999.00 -9999.00 -9999.00 -9999.00 -9999.00 -9999.00 -9999.00 -9999.00 -9999.00 -9999.00 -9999.00 -9999.00 -9999.00 -9999.00 -9999.00 -9999.00 -9999.00 -9999.00 -9999.00 -9999.00 -9999.00 -9999.00 -9999.00
 -9999.00 124.00 206.00 211.00 204.00 205.00 212.00 283.00 369.00 524.00 685.00 604.00 623.00 728.00 784.00 767.00 768.00 706.00 802.00 882.00 817.00 808.00 771.00 702.00 -9999.00
 -9999.00 122.00 163.00 201.00 226.00 288.00 337.00 395.00 390.00 340.00 556.00 590.00 553.00 633.00 716.00 507.00 529.00 662.00 883.00 858.00 599.00 520.00 593.00 715.00 -9999.00
 -9999.00 207.00 323.00 412.00 310.00 347.00 248.00 201.00 168.00 318.00 476.00 317.00 392.00 522.00 376.00 293.00 439.00 648.00 725.00 576.00 458.00 519.00 613.00 540.00 -9999.00
 -9999.00 319.00 481.00 490.00 296.00 271.00 202.00 103.00 140.00 289.00 291.00 208.00 290.00 312.00 245.00 431.00 599.00 711.00 502.00 393.00 564.00 698.00 521.00 417.00 -9999.00
 -9999.00 263.00 415.00 393.00 251.00 143.00 103.00 164.00 205.00 140.00 140.00 140.00 149.00 226.00 249.00 457.00 509.00 554.00 497.00 393.00 535.00 672.00 552.00 373.00 -9999.00
 -9999.00 349.00 351.00 220.00 185.00 103.00 103.00 191.00 276.00 316.00 277.00 240.00 256.00 488.00 349.00 252.00 353.00 393.00 393.00 393.00 501.00 607.00 526.00 378.00 -9999.00
 -9999.00 216.00 289.00 125.00 103.00 103.00 195.00 204.00 294.00 432.00 397.00 294.00 287.00 537.00 676.00 426.00 348.00 582.00 667.00 577.00 751.00 686.00 448.00 443.00 -9999.00
 -9999.00 106.00 171.00 143.00 59.00 138.00 138.00 163.00 290.00 290.00 170.00 170.00 277.00 433.00 687.00 685.00 431.00 399.00 629.00 798.00 813.00 797.00 680.00 505.00 -9999.00
 -9999.00 4.00 37.00 68.00 31.00 52.00 95.00 136.00 155.00 151.00 234.00 321.00 439.00 615.00 646.00 535.00 629.00 562.00 555.00 593.00 611.00 717.00 653.00 520.00 -9999.00
 -9999.00 -1.00 20.00 22.00 22.00 45.00 52.00 63.00 61.00 142.00 218.00 304.00 417.00 597.00 458.00 265.00 376.00 474.00 622.00 566.00 664.00 562.00 432.00 332.00 -9999.00
 -9999.00 0.00 1.00 2.00 11.00 25.00 29.00 26.00 28.00 43.00 76.00 116.00 260.00 313.00 178.00 204.00 331.00 404.00 359.00 364.00 397.00 383.00 247.00 213.00 -9999.00
 -9999.00 -9999.00 -9999.00 -9999.00 -9999.00 -9999.00 -9999.00 -9999.00 -9999.00 -9999.00 -9999.00 -9999.00 -9999.00 -9999.00 -9999.00 -9999.00 -9999.00 -9999.00 -9999.00 -9999.00 -9999.00 -9999.00 -9999.00 -9999.00 -9999.00
