data/geo/bisagno/gridded/bisagno.alpha.txt
ncols        25
nrows        13
xllcorner    8.911000000000
yllcorner    44.381000000000
cellsize     0.009000000000
NODATA_value  -9999.000000
 -9999.000000 -9999.000000 -9999.000000 -9999.000000 -9999.000000 -9999.000000 -9999.000000 -9999.000000 -9999.000000 -9999.000000 -9999.000000 -9999.000000 -9999.000000 -9999.000000 -9999.000000 -9999.000000 -9999.000000 -9999.000000 -9999.000000 -9999.000000 -9999.000000 -9999.000000 -9999.000000 -9999.000000 -9999.000000
 -9999.000000 0.002363 0.096568 0.040074 0.001468 0.000489 0.002768 0.083679 0.101247 0.214035 0.280585 0.042576 0.082505 0.145154 0.227384 0.298000 0.275175 0.146789 0.116417 0.232136 0.252053 0.327938 0.207257 0.090800 -9999.000000
 -9999.000000 0.000266 0.046629 0.046629 0.029525 0.097738 0.113119 0.225288 0.256479 0.142700 0.197052 0.311972 0.194641 0.211469 0.381930 0.247617 0.194641 0.184167 0.251035 0.322468 0.165052 0.051744 0.086024 0.203861 -9999.000000
 -9999.000000 0.100078 0.186809 0.244283 0.098908 0.120535 0.120535 0.066797 0.066797 0.175379 0.220236 0.104109 0.152507 0.243170 0.069827 0.095069 0.105434 0.242057 0.270530 0.212907 0.054243 0.071937 0.162284 0.144294 -9999.000000
 -9999.000000 0.131545 0.225004 0.225288 0.127116 0.150073 0.116423 0.000100 0.066797 0.174233 0.176524 0.071572 0.165052 0.135326 0.065471 0.216290 0.250252 0.223416 0.128060 0.000100 0.199325 0.208388 0.123004 0.051932 -9999.000000
 -9999.000000 0.000266 0.161471 0.201594 0.126898 0.035420 0.000100 0.071937 0.084998 0.000100 0.000100 0.000100 0.059123 0.035061 0.033933 0.240943 0.211469 0.187949 0.122246 0.000100 0.166201 0.160451 0.208388 0.000266 -9999.000000
 -9999.000000 0.155843 0.186588 0.083417 0.096568 0.000100 0.000100 0.103585 0.113119 0.204994 0.160451 0.117588 0.125735 0.300157 0.117588 0.086130 0.090141 0.081997 0.130627 0.000100 0.126898 0.132044 0.173087 0.000266 -9999.000000
 -9999.000000 0.129222 0.151690 0.063879 0.051932 0.030769 0.108257 0.084169 0.108994 0.215458 0.261998 0.145450 0.097424 0.287169 0.368636 0.100872 0.082214 0.269696 0.313042 0.214035 0.290582 0.274081 0.058406 0.076636 -9999.000000
 -9999.000000 0.119918 0.156996 0.098908 0.028585 0.101247 0.071715 0.056741 0.158148 0.162752 0.045454 0.000100 0.125735 0.182243 0.214661 0.296920 0.097738 0.061298 0.265301 0.255374 0.194641 0.283667 0.267500 0.073112 -9999.000000
 -9999.000000 0.000266 0.038964 0.054288 0.016954 0.023714 0.034773 0.086024 0.110592 0.043291 0.097738 0.176524 0.221032 0.275178 0.308123 0.308758 0.295176 0.154138 0.129581 0.044860 0.040908 0.233717 0.261977 0.218543 -9999.000000
 -9999.000000 0.000266 0.023386 0.023622 0.014338 0.016635 0.010632 0.043681 0.057001 0.116423 0.166201 0.218543 0.246327 0.336676 0.319444 0.072546 0.142700 0.118888 0.301235 0.234248 0.305538 0.257296 0.215163 0.139663 -9999.000000
 -9999.000000 0.000100 0.000236 0.000266 0.010632 0.013584 0.007088 0.000266 0.000266 0.017718 0.028344 0.000266 0.168499 0.158148 0.000266 0.000266 0.148918 0.086024 0.000266 0.005907 0.022441 0.159300 0.000266 0.000266 -9999.000000
 -9999.000000 -9999.000000 -9999.000000 -9999.000000 -9999.000000 -9999.000000 -9999.000000 -9999.000000 -9999.000000 -9999.000000 -9999.000000 -9999.000000 -9999.000000 -9999.000000 -9999.000000 -9999.000000 -9999.000000 -9999.000000 -9999.000000 -9999.000000 -9999.000000 -9999.000000 -9999.000000 -9999.000000 -9999.000000
